1.5875e+00 8.9016e+00 1.0000e+00
5.1330e+00 5.6049e+00 1.0000e+00
4.9436e+00 5.8567e+00 1.0000e+00
-5.1060e+00 1.3072e+00 0.0000e+00
1.9575e+00 4.4818e+00 0.0000e+00
3.7314e+00 4.2745e+00 1.0000e+00
8.8773e-01 6.6735e-01 0.0000e+00
3.0989e-01 7.5633e-01 0.0000e+00
1.5221e+00 2.4335e-01 0.0000e+00
-1.7756e+00 -3.9616e+00 0.0000e+00
6.2614e-01 -1.7082e+00 0.0000e+00
2.8809e-01 2.9085e+00 0.0000e+00
2.4944e+00 6.5550e+00 1.0000e+00
3.9807e+00 4.1239e+00 1.0000e+00
3.1854e+00 5.1039e+00 1.0000e+00
2.4606e+00 2.4048e+00 0.0000e+00
-6.9582e-01 3.1270e-01 0.0000e+00
3.3737e+00 1.5474e+00 1.0000e+00
1.7289e+00 -1.4843e+00 0.0000e+00
1.7396e+00 5.9256e+00 1.0000e+00
3.2091e+00 5.7738e+00 1.0000e+00
-2.0644e-01 8.2120e-01 0.0000e+00
3.5281e+00 8.0031e-01 0.0000e+00
3.0656e+00 2.9387e+00 0.0000e+00
4.5395e+00 -2.9087e+00 0.0000e+00
6.4582e+00 5.2580e+00 1.0000e+00
2.9029e+00 2.1600e+00 1.0000e+00
5.8047e+00 3.6304e+00 1.0000e+00
7.2788e+00 2.5303e+00 1.0000e+00
3.9784e+00 2.6387e+00 1.0000e+00
5.3549e+00 4.1964e+00 1.0000e+00
-7.7465e-01 -6.0461e-01 0.0000e+00
2.9882e+00 -4.1032e-01 0.0000e+00
4.3769e+00 5.1123e+00 1.0000e+00
3.2584e+00 3.8423e+00 1.0000e+00
1.9002e+00 -3.0271e-01 0.0000e+00
3.7351e+00 -1.9546e+00 0.0000e+00
1.7722e+00 4.5745e+00 1.0000e+00
3.6551e+00 4.2809e+00 1.0000e+00
9.1517e-02 -3.7437e-01 0.0000e+00
